50
0.757821 0.688649
0.854309 0.339314
0.083456 0.166072
0.107948 0.743966
0.711888 0.860131
0.934896 0.111649
0.408901 0.451002
0.234902 0.488722
0.502377 0.486006
0.381248 0.769737
0.920819 0.556338
0.0619582 0.569679
0.873383 0.616704
0.125207 0.815462
0.732999 0.567574
0.751782 0.366427
0.453783 0.355345
0.699863 0.251079
0.544562 0.369275
0.414806 0.991461
0.466176 0.978906
0.0952822 0.95589
0.303911 0.433543
0.820358 0.113361
0.367256 0.961518
0.149042 0.238618
0.0784962 0.666264
0.388599 0.771468
0.0724821 0.720077
0.918302 0.621831
0.782548 0.794311
0.0931696 0.510153
0.716608 0.638633
0.277789 0.778014
0.237189 0.833267
0.405653 0.523002
0.97966 0.353413
0.3653 0.521403
0.490404 0.277695
0.340325 0.786697
0.596554 0.242209
0.0544583 0.517225
0.0202844 0.758754
0.355199 0.211386
0.398965 0.28302
0.0217303 0.293501
0.214118 0.0556045
0.569652 0.790802
0.335557 0.44061
0.233881 0.971426
